C           0  0  0  1  0  0  0  0  0  0  0  0  0  0  0  0  0  0  0  0  0  0  0     1
H           0  1  0  0  0  0  0  0  0  0  0  0  0  0  0  0  0  0  0  0  0  0  0     2
N           0  0  0  0  1  0  0  0  0  0  0  0  0  0  0  0  0  0  0  0  0  0  0     3
O           0  0  0  0  0  1  0  0  0  0  0  0  0  0  0  0  0  0  0  0  0  0  0     4
N(2D)       0  0  0  0  1  0  0  0  0  0  0  0  0  0  0  0  0  0  0  0  0  0  0     5
O(1D)       0  0  0  0  0  1  0  0  0  0  0  0  0  0  0  0  0  0  0  0  0  0  0     6
(13)C       0  0  0  1  0  0  0  0  0  0  0  0  0  0  0  0  0  0  0  0  0  0  0     7
C(1D)       0  0  0  1  0  0  0  0  0  0  0  0  0  0  0  0  0  0  0  0  0  0  0     8
C2          0  0  0  2  0  0  0  0  0  0  0  0  0  0  0  0  0  0  0  0  0  0  0     9
CH          0  1  0  1  0  0  0  0  0  0  0  0  0  0  0  0  0  0  0  0  0  0  0    10
CN          0  0  0  1  1  0  0  0  0  0  0  0  0  0  0  0  0  0  0  0  0  0  0    11
CO          0  0  0  1  0  1  0  0  0  0  0  0  0  0  0  0  0  0  0  0  0  0  0    12
H2          0  2  0  0  0  0  0  0  0  0  0  0  0  0  0  0  0  0  0  0  0  0  0    13
N2          0  0  0  0  2  0  0  0  0  0  0  0  0  0  0  0  0  0  0  0  0  0  0    14
NH          0  1  0  0  1  0  0  0  0  0  0  0  0  0  0  0  0  0  0  0  0  0  0    15
NO          0  0  0  0  1  1  0  0  0  0  0  0  0  0  0  0  0  0  0  0  0  0  0    16
O2          0  0  0  0  0  2  0  0  0  0  0  0  0  0  0  0  0  0  0  0  0  0  0    17
OH          0  1  0  0  0  1  0  0  0  0  0  0  0  0  0  0  0  0  0  0  0  0  0    18
(13)CO      0  0  0  1  0  1  0  0  0  0  0  0  0  0  0  0  0  0  0  0  0  0  0    19
CCH         0  1  0  2  0  0  0  0  0  0  0  0  0  0  0  0  0  0  0  0  0  0  0    20
CCN         0  0  0  2  1  0  0  0  0  0  0  0  0  0  0  0  0  0  0  0  0  0  0    21
C3          0  0  0  3  0  0  0  0  0  0  0  0  0  0  0  0  0  0  0  0  0  0  0    22
CCO         0  0  0  2  0  1  0  0  0  0  0  0  0  0  0  0  0  0  0  0  0  0  0    23
CH2         0  2  0  1  0  0  0  0  0  0  0  0  0  0  0  0  0  0  0  0  0  0  0    24
CO2         0  0  0  1  0  2  0  0  0  0  0  0  0  0  0  0  0  0  0  0  0  0  0    25
H2O         0  2  0  0  0  1  0  0  0  0  0  0  0  0  0  0  0  0  0  0  0  0  0    26
HCN         0  1  0  1  1  0  0  0  0  0  0  0  0  0  0  0  0  0  0  0  0  0  0    27
HCO         0  1  0  1  0  1  0  0  0  0  0  0  0  0  0  0  0  0  0  0  0  0  0    28
HNC         0  1  0  1  1  0  0  0  0  0  0  0  0  0  0  0  0  0  0  0  0  0  0    29
HNO         0  1  0  0  1  1  0  0  0  0  0  0  0  0  0  0  0  0  0  0  0  0  0    30
N2O         0  0  0  0  2  1  0  0  0  0  0  0  0  0  0  0  0  0  0  0  0  0  0    31
NH2         0  2  0  0  1  0  0  0  0  0  0  0  0  0  0  0  0  0  0  0  0  0  0    32
NO2         0  0  0  0  1  2  0  0  0  0  0  0  0  0  0  0  0  0  0  0  0  0  0    33
O2H         0  1  0  0  0  2  0  0  0  0  0  0  0  0  0  0  0  0  0  0  0  0  0    34
OCN         0  0  0  1  1  1  0  0  0  0  0  0  0  0  0  0  0  0  0  0  0  0  0    35
(1)CH2      0  2  0  1  0  0  0  0  0  0  0  0  0  0  0  0  0  0  0  0  0  0  0    36
CN2         0  0  0  1  2  0  0  0  0  0  0  0  0  0  0  0  0  0  0  0  0  0  0    37
N2H         0  1  0  0  2  0  0  0  0  0  0  0  0  0  0  0  0  0  0  0  0  0  0    38
O3          0  0  0  0  0  3  0  0  0  0  0  0  0  0  0  0  0  0  0  0  0  0  0    39
CNO         0  0  0  1  1  1  0  0  0  0  0  0  0  0  0  0  0  0  0  0  0  0  0    40
C2H2        0  2  0  2  0  0  0  0  0  0  0  0  0  0  0  0  0  0  0  0  0  0  0    41
c-C3H       0  1  0  3  0  0  0  0  0  0  0  0  0  0  0  0  0  0  0  0  0  0  0    42
C3N         0  0  0  3  1  0  0  0  0  0  0  0  0  0  0  0  0  0  0  0  0  0  0    43
C3O         0  0  0  3  0  1  0  0  0  0  0  0  0  0  0  0  0  0  0  0  0  0  0    44
C4          0  0  0  4  0  0  0  0  0  0  0  0  0  0  0  0  0  0  0  0  0  0  0    45
CH3         0  3  0  1  0  0  0  0  0  0  0  0  0  0  0  0  0  0  0  0  0  0  0    46
H2CN        0  2  0  1  1  0  0  0  0  0  0  0  0  0  0  0  0  0  0  0  0  0  0    47
H2CO        0  2  0  1  0  1  0  0  0  0  0  0  0  0  0  0  0  0  0  0  0  0  0    48
HOOH        0  2  0  0  0  2  0  0  0  0  0  0  0  0  0  0  0  0  0  0  0  0  0    49
NH3         0  3  0  0  1  0  0  0  0  0  0  0  0  0  0  0  0  0  0  0  0  0  0    50
l-C3H       0  1  0  3  0  0  0  0  0  0  0  0  0  0  0  0  0  0  0  0  0  0  0    51
C2N2        0  0  0  2  2  0  0  0  0  0  0  0  0  0  0  0  0  0  0  0  0  0  0    52
HC2N        0  1  0  2  1  0  0  0  0  0  0  0  0  0  0  0  0  0  0  0  0  0  0    53
N2H2        0  2  0  0  2  0  0  0  0  0  0  0  0  0  0  0  0  0  0  0  0  0  0    54
NO3         0  0  0  0  1  3  0  0  0  0  0  0  0  0  0  0  0  0  0  0  0  0  0    55
HC2O        0  1  0  2  0  1  0  0  0  0  0  0  0  0  0  0  0  0  0  0  0  0  0    56
HOCO        0  1  0  1  0  2  0  0  0  0  0  0  0  0  0  0  0  0  0  0  0  0  0    57
HNCO        0  1  0  1  1  1  0  0  0  0  0  0  0  0  0  0  0  0  0  0  0  0  0    58
HOCN        0  1  0  1  1  1  0  0  0  0  0  0  0  0  0  0  0  0  0  0  0  0  0    59
HCNO        0  1  0  1  1  1  0  0  0  0  0  0  0  0  0  0  0  0  0  0  0  0  0    60
HONC        0  1  0  1  1  1  0  0  0  0  0  0  0  0  0  0  0  0  0  0  0  0  0    61
H2CCN       0  2  0  2  1  0  0  0  0  0  0  0  0  0  0  0  0  0  0  0  0  0  0    62
H2CCO       0  2  0  2  0  1  0  0  0  0  0  0  0  0  0  0  0  0  0  0  0  0  0    63
C2H3        0  3  0  2  0  0  0  0  0  0  0  0  0  0  0  0  0  0  0  0  0  0  0    64
c-C3H2      0  2  0  3  0  0  0  0  0  0  0  0  0  0  0  0  0  0  0  0  0  0  0    65
C4H         0  1  0  4  0  0  0  0  0  0  0  0  0  0  0  0  0  0  0  0  0  0  0    66
C4N         0  0  0  4  1  0  0  0  0  0  0  0  0  0  0  0  0  0  0  0  0  0  0    67
C5          0  0  0  5  0  0  0  0  0  0  0  0  0  0  0  0  0  0  0  0  0  0  0    68
HCOOH       0  2  0  1  0  2  0  0  0  0  0  0  0  0  0  0  0  0  0  0  0  0  0    69
CH2NH       0  3  0  1  1  0  0  0  0  0  0  0  0  0  0  0  0  0  0  0  0  0  0    70
CH4         0  4  0  1  0  0  0  0  0  0  0  0  0  0  0  0  0  0  0  0  0  0  0    71
HCNCC       0  1  0  3  1  0  0  0  0  0  0  0  0  0  0  0  0  0  0  0  0  0  0    72
HCCNC       0  1  0  3  1  0  0  0  0  0  0  0  0  0  0  0  0  0  0  0  0  0  0    73
HC3N        0  1  0  3  1  0  0  0  0  0  0  0  0  0  0  0  0  0  0  0  0  0  0    74
HNCCC       0  1  0  3  1  0  0  0  0  0  0  0  0  0  0  0  0  0  0  0  0  0  0    75
NH2CN       0  2  0  1  2  0  0  0  0  0  0  0  0  0  0  0  0  0  0  0  0  0  0    76
l-C3H2      0  2  0  3  0  0  0  0  0  0  0  0  0  0  0  0  0  0  0  0  0  0  0    77
CH2OH       0  3  0  1  0  1  0  0  0  0  0  0  0  0  0  0  0  0  0  0  0  0  0    78
CH3O        0  3  0  1  0  1  0  0  0  0  0  0  0  0  0  0  0  0  0  0  0  0  0    79
HC2N2       0  1  0  2  2  0  0  0  0  0  0  0  0  0  0  0  0  0  0  0  0  0  0    80
N2H3        0  3  0  0  2  0  0  0  0  0  0  0  0  0  0  0  0  0  0  0  0  0  0    81
HCOCO       0  1  0  2  0  2  0  0  0  0  0  0  0  0  0  0  0  0  0  0  0  0  0    82
t-C3H2      0  2  0  3  0  0  0  0  0  0  0  0  0  0  0  0  0  0  0  0  0  0  0    83
HC3O        0  1  0  3  0  1  0  0  0  0  0  0  0  0  0  0  0  0  0  0  0  0  0    84
NC4N        0  0  0  4  2  0  0  0  0  0  0  0  0  0  0  0  0  0  0  0  0  0  0    85
CH3CN       0  3  0  2  1  0  0  0  0  0  0  0  0  0  0  0  0  0  0  0  0  0  0    86
C2H4        0  4  0  2  0  0  0  0  0  0  0  0  0  0  0  0  0  0  0  0  0  0  0    87
CH2CCH      0  3  0  3  0  0  0  0  0  0  0  0  0  0  0  0  0  0  0  0  0  0  0    88
C4H2        0  2  0  4  0  0  0  0  0  0  0  0  0  0  0  0  0  0  0  0  0  0  0    89
C5H         0  1  0  5  0  0  0  0  0  0  0  0  0  0  0  0  0  0  0  0  0  0  0    90
C5N         0  0  0  5  1  0  0  0  0  0  0  0  0  0  0  0  0  0  0  0  0  0  0    91
C6          0  0  0  6  0  0  0  0  0  0  0  0  0  0  0  0  0  0  0  0  0  0  0    92
CH3OH       0  4  0  1  0  1  0  0  0  0  0  0  0  0  0  0  0  0  0  0  0  0  0    93
NH2CHO      0  3  0  1  1  1  0  0  0  0  0  0  0  0  0  0  0  0  0  0  0  0  0    94
HC4N        0  1  0  4  1  0  0  0  0  0  0  0  0  0  0  0  0  0  0  0  0  0  0    95
CH2NH2      0  4  0  1  1  0  0  0  0  0  0  0  0  0  0  0  0  0  0  0  0  0  0    96
CH3CO       0  3  0  2  0  1  0  0  0  0  0  0  0  0  0  0  0  0  0  0  0  0  0    97
CH3NH       0  4  0  1  1  0  0  0  0  0  0  0  0  0  0  0  0  0  0  0  0  0  0    98
H2C3N       0  2  0  3  1  0  0  0  0  0  0  0  0  0  0  0  0  0  0  0  0  0  0    99
N2H4        0  4  0  0  2  0  0  0  0  0  0  0  0  0  0  0  0  0  0  0  0  0  0   100
CH2CHO      0  3  0  2  0  1  0  0  0  0  0  0  0  0  0  0  0  0  0  0  0  0  0   101
C5O         0  0  0  5  0  1  0  0  0  0  0  0  0  0  0  0  0  0  0  0  0  0  0   102
HCOCHO      0  2  0  2  0  2  0  0  0  0  0  0  0  0  0  0  0  0  0  0  0  0  0   103
HCCCHO      0  2  0  3  0  1  0  0  0  0  0  0  0  0  0  0  0  0  0  0  0  0  0   104
H2C3O       0  2  0  3  0  1  0  0  0  0  0  0  0  0  0  0  0  0  0  0  0  0  0   105
c-C3H2O     0  2  0  3  0  1  0  0  0  0  0  0  0  0  0  0  0  0  0  0  0  0  0   106
CH3CCH      0  4  0  3  0  0  0  0  0  0  0  0  0  0  0  0  0  0  0  0  0  0  0   107
CH3CHO      0  4  0  2  0  1  0  0  0  0  0  0  0  0  0  0  0  0  0  0  0  0  0   108
C2H5        0  5  0  2  0  0  0  0  0  0  0  0  0  0  0  0  0  0  0  0  0  0  0   109
CH2CHCN     0  3  0  3  1  0  0  0  0  0  0  0  0  0  0  0  0  0  0  0  0  0  0   110
C5H2        0  2  0  5  0  0  0  0  0  0  0  0  0  0  0  0  0  0  0  0  0  0  0   111
C6H         0  1  0  6  0  0  0  0  0  0  0  0  0  0  0  0  0  0  0  0  0  0  0   112
C7          0  0  0  7  0  0  0  0  0  0  0  0  0  0  0  0  0  0  0  0  0  0  0   113
CH3NH2      0  5  0  1  1  0  0  0  0  0  0  0  0  0  0  0  0  0  0  0  0  0  0   114
HC5N        0  1  0  5  1  0  0  0  0  0  0  0  0  0  0  0  0  0  0  0  0  0  0   115
C3H2CN      0  2  0  4  1  0  0  0  0  0  0  0  0  0  0  0  0  0  0  0  0  0  0   116
C4H3        0  3  0  4  0  0  0  0  0  0  0  0  0  0  0  0  0  0  0  0  0  0  0   117
CH2CCH2     0  4  0  3  0  0  0  0  0  0  0  0  0  0  0  0  0  0  0  0  0  0  0   118
C6N         0  0  0  6  1  0  0  0  0  0  0  0  0  0  0  0  0  0  0  0  0  0  0   119
CH3NCO      0  3  0  2  1  1  0  0  0  0  0  0  0  0  0  0  0  0  0  0  0  0  0   120
NC6N        0  0  0  6  2  0  0  0  0  0  0  0  0  0  0  0  0  0  0  0  0  0  0   121
C4H4        0  4  0  4  0  0  0  0  0  0  0  0  0  0  0  0  0  0  0  0  0  0  0   122
C6H2        0  2  0  6  0  0  0  0  0  0  0  0  0  0  0  0  0  0  0  0  0  0  0   123
C7H         0  1  0  7  0  0  0  0  0  0  0  0  0  0  0  0  0  0  0  0  0  0  0   124
C7N         0  0  0  7  1  0  0  0  0  0  0  0  0  0  0  0  0  0  0  0  0  0  0   125
C8          0  0  0  8  0  0  0  0  0  0  0  0  0  0  0  0  0  0  0  0  0  0  0   126
CH3C3N      0  3  0  4  1  0  0  0  0  0  0  0  0  0  0  0  0  0  0  0  0  0  0   127
HCOOCH3     0  4  0  2  0  2  0  0  0  0  0  0  0  0  0  0  0  0  0  0  0  0  0   128
HC6N        0  1  0  6  1  0  0  0  0  0  0  0  0  0  0  0  0  0  0  0  0  0  0   129
C2H3NH2     0  5  0  2  1  0  0  0  0  0  0  0  0  0  0  0  0  0  0  0  0  0  0   130
C2H6        0  6  0  2  0  0  0  0  0  0  0  0  0  0  0  0  0  0  0  0  0  0  0   131
C3H5        0  5  0  3  0  0  0  0  0  0  0  0  0  0  0  0  0  0  0  0  0  0  0   132
C4H2CN      0  2  0  5  1  0  0  0  0  0  0  0  0  0  0  0  0  0  0  0  0  0  0   133
C5H3        0  3  0  5  0  0  0  0  0  0  0  0  0  0  0  0  0  0  0  0  0  0  0   134
CH3OCH2     0  5  0  2  0  1  0  0  0  0  0  0  0  0  0  0  0  0  0  0  0  0  0   135
C7O         0  0  0  7  0  1  0  0  0  0  0  0  0  0  0  0  0  0  0  0  0  0  0   136
C2H3CHO     0  4  0  3  0  1  0  0  0  0  0  0  0  0  0  0  0  0  0  0  0  0  0   137
CH3CHCH2    0  6  0  3  0  0  0  0  0  0  0  0  0  0  0  0  0  0  0  0  0  0  0   138
CH3CH2OH    0  6  0  2  0  1  0  0  0  0  0  0  0  0  0  0  0  0  0  0  0  0  0   139
C7H2        0  2  0  7  0  0  0  0  0  0  0  0  0  0  0  0  0  0  0  0  0  0  0   140
C8H         0  1  0  8  0  0  0  0  0  0  0  0  0  0  0  0  0  0  0  0  0  0  0   141
C9          0  0  0  9  0  0  0  0  0  0  0  0  0  0  0  0  0  0  0  0  0  0  0   142
CH3C4H      0  4  0  5  0  0  0  0  0  0  0  0  0  0  0  0  0  0  0  0  0  0  0   143
CH3OCH3     0  6  0  2  0  1  0  0  0  0  0  0  0  0  0  0  0  0  0  0  0  0  0   144
HC7N        0  1  0  7  1  0  0  0  0  0  0  0  0  0  0  0  0  0  0  0  0  0  0   145
C4H3CN      0  3  0  5  1  0  0  0  0  0  0  0  0  0  0  0  0  0  0  0  0  0  0   146
C4H5        0  5  0  4  0  0  0  0  0  0  0  0  0  0  0  0  0  0  0  0  0  0  0   147
C6H3        0  3  0  6  0  0  0  0  0  0  0  0  0  0  0  0  0  0  0  0  0  0  0   148
C8N         0  0  0  8  1  0  0  0  0  0  0  0  0  0  0  0  0  0  0  0  0  0  0   149
C5H4        0  4  0  5  0  0  0  0  0  0  0  0  0  0  0  0  0  0  0  0  0  0  0   150
NC8N        0  0  0  8  2  0  0  0  0  0  0  0  0  0  0  0  0  0  0  0  0  0  0   151
CH2CHCHCH2  0  6  0  4  0  0  0  0  0  0  0  0  0  0  0  0  0  0  0  0  0  0  0   152
HC8N        0  1  0  8  1  0  0  0  0  0  0  0  0  0  0  0  0  0  0  0  0  0  0   153
CH3COCH3    0  6  0  3  0  1  0  0  0  0  0  0  0  0  0  0  0  0  0  0  0  0  0   154
C8H2        0  2  0  8  0  0  0  0  0  0  0  0  0  0  0  0  0  0  0  0  0  0  0   155
C9H         0  1  0  9  0  0  0  0  0  0  0  0  0  0  0  0  0  0  0  0  0  0  0   156
C10         0  0  0 10  0  0  0  0  0  0  0  0  0  0  0  0  0  0  0  0  0  0  0   157
C9N         0  0  0  9  1  0  0  0  0  0  0  0  0  0  0  0  0  0  0  0  0  0  0   158
CH3C5N      0  3  0  6  1  0  0  0  0  0  0  0  0  0  0  0  0  0  0  0  0  0  0   159
C3H7        0  7  0  3  0  0  0  0  0  0  0  0  0  0  0  0  0  0  0  0  0  0  0   160
C3H5CN      0  5  0  4  1  0  0  0  0  0  0  0  0  0  0  0  0  0  0  0  0  0  0   161
C5H5        0  5  0  5  0  0  0  0  0  0  0  0  0  0  0  0  0  0  0  0  0  0  0   162
C6H4        0  4  0  6  0  0  0  0  0  0  0  0  0  0  0  0  0  0  0  0  0  0  0   163
C7H3        0  3  0  7  0  0  0  0  0  0  0  0  0  0  0  0  0  0  0  0  0  0  0   164
C9O         0  0  0  9  0  1  0  0  0  0  0  0  0  0  0  0  0  0  0  0  0  0  0   165
C2H5CHO     0  6  0  3  0  1  0  0  0  0  0  0  0  0  0  0  0  0  0  0  0  0  0   166
C10H        0  1  0 10  0  0  0  0  0  0  0  0  0  0  0  0  0  0  0  0  0  0  0   167
C11         0  0  0 11  0  0  0  0  0  0  0  0  0  0  0  0  0  0  0  0  0  0  0   168
C9H2        0  2  0  9  0  0  0  0  0  0  0  0  0  0  0  0  0  0  0  0  0  0  0   169
CH3C6H      0  4  0  7  0  0  0  0  0  0  0  0  0  0  0  0  0  0  0  0  0  0  0   170
HC9N        0  1  0  9  1  0  0  0  0  0  0  0  0  0  0  0  0  0  0  0  0  0  0   171
C3H8        0  8  0  3  0  0  0  0  0  0  0  0  0  0  0  0  0  0  0  0  0  0  0   172
C4H7        0  7  0  4  0  0  0  0  0  0  0  0  0  0  0  0  0  0  0  0  0  0  0   173
C5H6        0  6  0  5  0  0  0  0  0  0  0  0  0  0  0  0  0  0  0  0  0  0  0   174
C7H4        0  4  0  7  0  0  0  0  0  0  0  0  0  0  0  0  0  0  0  0  0  0  0   175
C8H3        0  3  0  8  0  0  0  0  0  0  0  0  0  0  0  0  0  0  0  0  0  0  0   176
c-C6H5      0  5  0  6  0  0  0  0  0  0  0  0  0  0  0  0  0  0  0  0  0  0  0   177
C10N        0  0  0 10  1  0  0  0  0  0  0  0  0  0  0  0  0  0  0  0  0  0  0   178
CH3C7N      0  3  0  8  1  0  0  0  0  0  0  0  0  0  0  0  0  0  0  0  0  0  0   179
C6H6        0  6  0  6  0  0  0  0  0  0  0  0  0  0  0  0  0  0  0  0  0  0  0   180
C10H2       0  2  0 10  0  0  0  0  0  0  0  0  0  0  0  0  0  0  0  0  0  0  0   181
C4H8        0  8  0  4  0  0  0  0  0  0  0  0  0  0  0  0  0  0  0  0  0  0  0   182
C5H7        0  7  0  5  0  0  0  0  0  0  0  0  0  0  0  0  0  0  0  0  0  0  0   183
C7H5        0  5  0  7  0  0  0  0  0  0  0  0  0  0  0  0  0  0  0  0  0  0  0   184
C8H4        0  4  0  8  0  0  0  0  0  0  0  0  0  0  0  0  0  0  0  0  0  0  0   185
C9H3        0  3  0  9  0  0  0  0  0  0  0  0  0  0  0  0  0  0  0  0  0  0  0   186
C4H9        0  9  0  4  0  0  0  0  0  0  0  0  0  0  0  0  0  0  0  0  0  0  0   187
C5H8        0  8  0  5  0  0  0  0  0  0  0  0  0  0  0  0  0  0  0  0  0  0  0   188
C6H7        0  7  0  6  0  0  0  0  0  0  0  0  0  0  0  0  0  0  0  0  0  0  0   189
C7H6        0  6  0  7  0  0  0  0  0  0  0  0  0  0  0  0  0  0  0  0  0  0  0   190
C9H4        0  4  0  9  0  0  0  0  0  0  0  0  0  0  0  0  0  0  0  0  0  0  0   191
C4H10       0 10  0  4  0  0  0  0  0  0  0  0  0  0  0  0  0  0  0  0  0  0  0   192
C5H9        0  9  0  5  0  0  0  0  0  0  0  0  0  0  0  0  0  0  0  0  0  0  0   193
C6H8        0  8  0  6  0  0  0  0  0  0  0  0  0  0  0  0  0  0  0  0  0  0  0   194
C7H7        0  7  0  7  0  0  0  0  0  0  0  0  0  0  0  0  0  0  0  0  0  0  0   195
C8H6        0  6  0  8  0  0  0  0  0  0  0  0  0  0  0  0  0  0  0  0  0  0  0   196
C5H10       0 10  0  5  0  0  0  0  0  0  0  0  0  0  0  0  0  0  0  0  0  0  0   197
C6H9        0  9  0  6  0  0  0  0  0  0  0  0  0  0  0  0  0  0  0  0  0  0  0   198
C7H8        0  8  0  7  0  0  0  0  0  0  0  0  0  0  0  0  0  0  0  0  0  0  0   199
C5H11       0 11  0  5  0  0  0  0  0  0  0  0  0  0  0  0  0  0  0  0  0  0  0   200
C6H10       0 10  0  6  0  0  0  0  0  0  0  0  0  0  0  0  0  0  0  0  0  0  0   201
C7H9        0  9  0  7  0  0  0  0  0  0  0  0  0  0  0  0  0  0  0  0  0  0  0   202
C5H12       0 12  0  5  0  0  0  0  0  0  0  0  0  0  0  0  0  0  0  0  0  0  0   203
C6H11       0 11  0  6  0  0  0  0  0  0  0  0  0  0  0  0  0  0  0  0  0  0  0   204
C7H10       0 10  0  7  0  0  0  0  0  0  0  0  0  0  0  0  0  0  0  0  0  0  0   205
C6H12       0 12  0  6  0  0  0  0  0  0  0  0  0  0  0  0  0  0  0  0  0  0  0   206
C6H13       0 13  0  6  0  0  0  0  0  0  0  0  0  0  0  0  0  0  0  0  0  0  0   207
C6H14       0 14  0  6  0  0  0  0  0  0  0  0  0  0  0  0  0  0  0  0  0  0  0   208
C14H10      0 10  0 14  0  0  0  0  0  0  0  0  0  0  0  0  0  0  0  0  0  0  0   209
C+          1  0  0  1  0  0  0  0  0  0  0  0  0  0  0  0  0  0  0  0  0  0  0   210
H+          1  1  0  0  0  0  0  0  0  0  0  0  0  0  0  0  0  0  0  0  0  0  0   211
N+          1  0  0  0  1  0  0  0  0  0  0  0  0  0  0  0  0  0  0  0  0  0  0   212
O+          1  0  0  0  0  1  0  0  0  0  0  0  0  0  0  0  0  0  0  0  0  0  0   213
C-         -1  0  0  1  0  0  0  0  0  0  0  0  0  0  0  0  0  0  0  0  0  0  0   214
H-         -1  1  0  0  0  0  0  0  0  0  0  0  0  0  0  0  0  0  0  0  0  0  0   215
O-         -1  0  0  0  0  1  0  0  0  0  0  0  0  0  0  0  0  0  0  0  0  0  0   216
e-         -1  0  0  0  0  0  0  0  0  0  0  0  0  0  0  0  0  0  0  0  0  0  0   217
C2+         1  0  0  2  0  0  0  0  0  0  0  0  0  0  0  0  0  0  0  0  0  0  0   218
CH+         1  1  0  1  0  0  0  0  0  0  0  0  0  0  0  0  0  0  0  0  0  0  0   219
CN+         1  0  0  1  1  0  0  0  0  0  0  0  0  0  0  0  0  0  0  0  0  0  0   220
CO+         1  0  0  1  0  1  0  0  0  0  0  0  0  0  0  0  0  0  0  0  0  0  0   221
H2+         1  2  0  0  0  0  0  0  0  0  0  0  0  0  0  0  0  0  0  0  0  0  0   222
N2+         1  0  0  0  2  0  0  0  0  0  0  0  0  0  0  0  0  0  0  0  0  0  0   223
NH+         1  1  0  0  1  0  0  0  0  0  0  0  0  0  0  0  0  0  0  0  0  0  0   224
NO+         1  0  0  0  1  1  0  0  0  0  0  0  0  0  0  0  0  0  0  0  0  0  0   225
O2+         1  0  0  0  0  2  0  0  0  0  0  0  0  0  0  0  0  0  0  0  0  0  0   226
OH+         1  1  0  0  0  1  0  0  0  0  0  0  0  0  0  0  0  0  0  0  0  0  0   227
CN-        -1  0  0  1  1  0  0  0  0  0  0  0  0  0  0  0  0  0  0  0  0  0  0   228
OH-        -1  1  0  0  0  1  0  0  0  0  0  0  0  0  0  0  0  0  0  0  0  0  0   229
H2+(J=1)    1  2  0  0  0  0  0  0  0  0  0  0  0  0  0  0  0  0  0  0  0  0  0   230
H2+(J=2)    1  2  0  0  0  0  0  0  0  0  0  0  0  0  0  0  0  0  0  0  0  0  0   231
H2+(J=3)    1  2  0  0  0  0  0  0  0  0  0  0  0  0  0  0  0  0  0  0  0  0  0   232
H2+(J=4)    1  2  0  0  0  0  0  0  0  0  0  0  0  0  0  0  0  0  0  0  0  0  0   233
H2+(J=5)    1  2  0  0  0  0  0  0  0  0  0  0  0  0  0  0  0  0  0  0  0  0  0   234
H2+(J=6)    1  2  0  0  0  0  0  0  0  0  0  0  0  0  0  0  0  0  0  0  0  0  0   235
H2+(J=7)    1  2  0  0  0  0  0  0  0  0  0  0  0  0  0  0  0  0  0  0  0  0  0   236
H2+(J=8)    1  2  0  0  0  0  0  0  0  0  0  0  0  0  0  0  0  0  0  0  0  0  0   237
H2+(J=9)    1  2  0  0  0  0  0  0  0  0  0  0  0  0  0  0  0  0  0  0  0  0  0   238
H2+(J=10)   1  2  0  0  0  0  0  0  0  0  0  0  0  0  0  0  0  0  0  0  0  0  0   239
C2H+        1  1  0  2  0  0  0  0  0  0  0  0  0  0  0  0  0  0  0  0  0  0  0   240
C2N+        1  0  0  2  1  0  0  0  0  0  0  0  0  0  0  0  0  0  0  0  0  0  0   241
C2O+        1  0  0  2  0  1  0  0  0  0  0  0  0  0  0  0  0  0  0  0  0  0  0   242
C3+         1  0  0  3  0  0  0  0  0  0  0  0  0  0  0  0  0  0  0  0  0  0  0   243
CH2+        1  2  0  1  0  0  0  0  0  0  0  0  0  0  0  0  0  0  0  0  0  0  0   244
CNC+        1  0  0  2  1  0  0  0  0  0  0  0  0  0  0  0  0  0  0  0  0  0  0   245
CO2+        1  0  0  1  0  2  0  0  0  0  0  0  0  0  0  0  0  0  0  0  0  0  0   246
H2O+        1  2  0  0  0  1  0  0  0  0  0  0  0  0  0  0  0  0  0  0  0  0  0   247
H3+         1  3  0  0  0  0  0  0  0  0  0  0  0  0  0  0  0  0  0  0  0  0  0   248
HCN+        1  1  0  1  1  0  0  0  0  0  0  0  0  0  0  0  0  0  0  0  0  0  0   249
HCO+        1  1  0  1  0  1  0  0  0  0  0  0  0  0  0  0  0  0  0  0  0  0  0   250
HNC+        1  1  0  1  1  0  0  0  0  0  0  0  0  0  0  0  0  0  0  0  0  0  0   251
HNO+        1  1  0  0  1  1  0  0  0  0  0  0  0  0  0  0  0  0  0  0  0  0  0   252
HOC+        1  1  0  1  0  1  0  0  0  0  0  0  0  0  0  0  0  0  0  0  0  0  0   253
N2H+        1  1  0  0  2  0  0  0  0  0  0  0  0  0  0  0  0  0  0  0  0  0  0   254
NCO+        1  0  0  1  1  1  0  0  0  0  0  0  0  0  0  0  0  0  0  0  0  0  0   255
NH2+        1  2  0  0  1  0  0  0  0  0  0  0  0  0  0  0  0  0  0  0  0  0  0   256
NO2+        1  0  0  0  1  2  0  0  0  0  0  0  0  0  0  0  0  0  0  0  0  0  0   257
HO2+        1  1  0  0  0  2  0  0  0  0  0  0  0  0  0  0  0  0  0  0  0  0  0   258
C3-        -1  0  0  3  0  0  0  0  0  0  0  0  0  0  0  0  0  0  0  0  0  0  0   259
NH2-       -1  2  0  0  1  0  0  0  0  0  0  0  0  0  0  0  0  0  0  0  0  0  0   260
C2H2+       1  2  0  2  0  0  0  0  0  0  0  0  0  0  0  0  0  0  0  0  0  0  0   261
C2HO+       1  1  0  2  0  1  0  0  0  0  0  0  0  0  0  0  0  0  0  0  0  0  0   262
C2N2+       1  0  0  2  2  0  0  0  0  0  0  0  0  0  0  0  0  0  0  0  0  0  0   263
HC2N+       1  1  0  2  1  0  0  0  0  0  0  0  0  0  0  0  0  0  0  0  0  0  0   264
C3H+        1  1  0  3  0  0  0  0  0  0  0  0  0  0  0  0  0  0  0  0  0  0  0   265
C3N+        1  0  0  3  1  0  0  0  0  0  0  0  0  0  0  0  0  0  0  0  0  0  0   266
C3O+        1  0  0  3  0  1  0  0  0  0  0  0  0  0  0  0  0  0  0  0  0  0  0   267
C4+         1  0  0  4  0  0  0  0  0  0  0  0  0  0  0  0  0  0  0  0  0  0  0   268
CH3+        1  3  0  1  0  0  0  0  0  0  0  0  0  0  0  0  0  0  0  0  0  0  0   269
HCNH+       1  2  0  1  1  0  0  0  0  0  0  0  0  0  0  0  0  0  0  0  0  0  0   270
H2CO+       1  2  0  1  0  1  0  0  0  0  0  0  0  0  0  0  0  0  0  0  0  0  0   271
H2NC+       1  2  0  1  1  0  0  0  0  0  0  0  0  0  0  0  0  0  0  0  0  0  0   272
H2NO+       1  2  0  0  1  1  0  0  0  0  0  0  0  0  0  0  0  0  0  0  0  0  0   273
H3O+        1  3  0  0  0  1  0  0  0  0  0  0  0  0  0  0  0  0  0  0  0  0  0   274
HOCO+       1  1  0  1  0  2  0  0  0  0  0  0  0  0  0  0  0  0  0  0  0  0  0   275
HNCO+       1  1  0  1  1  1  0  0  0  0  0  0  0  0  0  0  0  0  0  0  0  0  0   276
NH3+        1  3  0  0  1  0  0  0  0  0  0  0  0  0  0  0  0  0  0  0  0  0  0   277
C4-        -1  0  0  4  0  0  0  0  0  0  0  0  0  0  0  0  0  0  0  0  0  0  0   278
C3N-       -1  0  0  3  1  0  0  0  0  0  0  0  0  0  0  0  0  0  0  0  0  0  0   279
HN2O+       1  1  0  0  2  1  0  0  0  0  0  0  0  0  0  0  0  0  0  0  0  0  0   280
HOCN+       1  1  0  1  1  1  0  0  0  0  0  0  0  0  0  0  0  0  0  0  0  0  0   281
HCNO+       1  1  0  1  1  1  0  0  0  0  0  0  0  0  0  0  0  0  0  0  0  0  0   282
HONC+       1  1  0  1  1  1  0  0  0  0  0  0  0  0  0  0  0  0  0  0  0  0  0   283
CH2CN+      1  2  0  2  1  0  0  0  0  0  0  0  0  0  0  0  0  0  0  0  0  0  0   284
H2CCO+      1  2  0  2  0  1  0  0  0  0  0  0  0  0  0  0  0  0  0  0  0  0  0   285
C2H3+       1  3  0  2  0  0  0  0  0  0  0  0  0  0  0  0  0  0  0  0  0  0  0   286
c-C3H2+     1  2  0  3  0  0  0  0  0  0  0  0  0  0  0  0  0  0  0  0  0  0  0   287
HC3N+       1  1  0  3  1  0  0  0  0  0  0  0  0  0  0  0  0  0  0  0  0  0  0   288
C4H+        1  1  0  4  0  0  0  0  0  0  0  0  0  0  0  0  0  0  0  0  0  0  0   289
C4N+        1  0  0  4  1  0  0  0  0  0  0  0  0  0  0  0  0  0  0  0  0  0  0   290
C5+         1  0  0  5  0  0  0  0  0  0  0  0  0  0  0  0  0  0  0  0  0  0  0   291
HCOOH+      1  2  0  1  0  2  0  0  0  0  0  0  0  0  0  0  0  0  0  0  0  0  0   292
CH4+        1  4  0  1  0  0  0  0  0  0  0  0  0  0  0  0  0  0  0  0  0  0  0   293
H2COH+      1  3  0  1  0  1  0  0  0  0  0  0  0  0  0  0  0  0  0  0  0  0  0   294
HC3O+       1  1  0  3  0  1  0  0  0  0  0  0  0  0  0  0  0  0  0  0  0  0  0   295
NH4+        1  4  0  0  1  0  0  0  0  0  0  0  0  0  0  0  0  0  0  0  0  0  0   296
l-C3H2+     1  2  0  3  0  0  0  0  0  0  0  0  0  0  0  0  0  0  0  0  0  0  0   297
C4H-       -1  1  0  4  0  0  0  0  0  0  0  0  0  0  0  0  0  0  0  0  0  0  0   298
C5-        -1  0  0  5  0  0  0  0  0  0  0  0  0  0  0  0  0  0  0  0  0  0  0   299
CH2NH+      1  3  0  1  1  0  0  0  0  0  0  0  0  0  0  0  0  0  0  0  0  0  0   300
C2N2H+      1  1  0  2  2  0  0  0  0  0  0  0  0  0  0  0  0  0  0  0  0  0  0   301
H2NCO+      1  2  0  1  1  1  0  0  0  0  0  0  0  0  0  0  0  0  0  0  0  0  0   302
HNCOH+      1  2  0  1  1  1  0  0  0  0  0  0  0  0  0  0  0  0  0  0  0  0  0   303
H2OCN+      1  2  0  1  1  1  0  0  0  0  0  0  0  0  0  0  0  0  0  0  0  0  0   304
HCNOH+      1  2  0  1  1  1  0  0  0  0  0  0  0  0  0  0  0  0  0  0  0  0  0   305
H2CNO+      1  2  0  1  1  1  0  0  0  0  0  0  0  0  0  0  0  0  0  0  0  0  0   306
CH3CN+      1  3  0  2  1  0  0  0  0  0  0  0  0  0  0  0  0  0  0  0  0  0  0   307
CH3CO+      1  3  0  2  0  1  0  0  0  0  0  0  0  0  0  0  0  0  0  0  0  0  0   308
C2H4+       1  4  0  2  0  0  0  0  0  0  0  0  0  0  0  0  0  0  0  0  0  0  0   309
HC3NH+      1  2  0  3  1  0  0  0  0  0  0  0  0  0  0  0  0  0  0  0  0  0  0   310
c-C3H3+     1  3  0  3  0  0  0  0  0  0  0  0  0  0  0  0  0  0  0  0  0  0  0   311
C4H2+       1  2  0  4  0  0  0  0  0  0  0  0  0  0  0  0  0  0  0  0  0  0  0   312
C5H+        1  1  0  5  0  0  0  0  0  0  0  0  0  0  0  0  0  0  0  0  0  0  0   313
C5N+        1  0  0  5  1  0  0  0  0  0  0  0  0  0  0  0  0  0  0  0  0  0  0   314
C6+         1  0  0  6  0  0  0  0  0  0  0  0  0  0  0  0  0  0  0  0  0  0  0   315
CH3O2+      1  3  0  1  0  2  0  0  0  0  0  0  0  0  0  0  0  0  0  0  0  0  0   316
CH2NH2+     1  4  0  1  1  0  0  0  0  0  0  0  0  0  0  0  0  0  0  0  0  0  0   317
CH3OH+      1  4  0  1  0  1  0  0  0  0  0  0  0  0  0  0  0  0  0  0  0  0  0   318
CH5+        1  5  0  1  0  0  0  0  0  0  0  0  0  0  0  0  0  0  0  0  0  0  0   319
H2C3O+      1  2  0  3  0  1  0  0  0  0  0  0  0  0  0  0  0  0  0  0  0  0  0   320
HC2NCH+     1  2  0  3  1  0  0  0  0  0  0  0  0  0  0  0  0  0  0  0  0  0  0   321
HC4N+       1  1  0  4  1  0  0  0  0  0  0  0  0  0  0  0  0  0  0  0  0  0  0   322
HC4O+       1  1  0  4  0  1  0  0  0  0  0  0  0  0  0  0  0  0  0  0  0  0  0   323
NH2CNH+     1  3  0  1  2  0  0  0  0  0  0  0  0  0  0  0  0  0  0  0  0  0  0   324
l-C3H3+     1  3  0  3  0  0  0  0  0  0  0  0  0  0  0  0  0  0  0  0  0  0  0   325
C5H-       -1  1  0  5  0  0  0  0  0  0  0  0  0  0  0  0  0  0  0  0  0  0  0   326
C6-        -1  0  0  6  0  0  0  0  0  0  0  0  0  0  0  0  0  0  0  0  0  0  0   327
C4N2+       1  0  0  4  2  0  0  0  0  0  0  0  0  0  0  0  0  0  0  0  0  0  0   328
CH3CNH+     1  4  0  2  1  0  0  0  0  0  0  0  0  0  0  0  0  0  0  0  0  0  0   329
C2H4O+      1  4  0  2  0  1  0  0  0  0  0  0  0  0  0  0  0  0  0  0  0  0  0   330
C2H5+       1  5  0  2  0  0  0  0  0  0  0  0  0  0  0  0  0  0  0  0  0  0  0   331
C3H3N+      1  3  0  3  1  0  0  0  0  0  0  0  0  0  0  0  0  0  0  0  0  0  0   332
C3H4+       1  4  0  3  0  0  0  0  0  0  0  0  0  0  0  0  0  0  0  0  0  0  0   333
C4H3+       1  3  0  4  0  0  0  0  0  0  0  0  0  0  0  0  0  0  0  0  0  0  0   334
C5H2+       1  2  0  5  0  0  0  0  0  0  0  0  0  0  0  0  0  0  0  0  0  0  0   335
HC5N+       1  1  0  5  1  0  0  0  0  0  0  0  0  0  0  0  0  0  0  0  0  0  0   336
C6H+        1  1  0  6  0  0  0  0  0  0  0  0  0  0  0  0  0  0  0  0  0  0  0   337
C7+         1  0  0  7  0  0  0  0  0  0  0  0  0  0  0  0  0  0  0  0  0  0  0   338
CH3NH2+     1  5  0  1  1  0  0  0  0  0  0  0  0  0  0  0  0  0  0  0  0  0  0   339
CH3OH2+     1  5  0  1  0  1  0  0  0  0  0  0  0  0  0  0  0  0  0  0  0  0  0   340
H2C4N+      1  2  0  4  1  0  0  0  0  0  0  0  0  0  0  0  0  0  0  0  0  0  0   341
C2H3CO+     1  3  0  3  0  1  0  0  0  0  0  0  0  0  0  0  0  0  0  0  0  0  0   342
NH2CH2O+    1  4  0  1  1  1  0  0  0  0  0  0  0  0  0  0  0  0  0  0  0  0  0   343
C6H-       -1  1  0  6  0  0  0  0  0  0  0  0  0  0  0  0  0  0  0  0  0  0  0   344
C7-        -1  0  0  7  0  0  0  0  0  0  0  0  0  0  0  0  0  0  0  0  0  0  0   345
C4N2H+      1  1  0  4  2  0  0  0  0  0  0  0  0  0  0  0  0  0  0  0  0  0  0   346
C6N+        1  0  0  6  1  0  0  0  0  0  0  0  0  0  0  0  0  0  0  0  0  0  0   347
HC5O+       1  1  0  5  0  1  0  0  0  0  0  0  0  0  0  0  0  0  0  0  0  0  0   348
CH3NCO+     1  3  0  2  1  1  0  0  0  0  0  0  0  0  0  0  0  0  0  0  0  0  0   349
HCCCHOH+    1  3  0  3  0  1  0  0  0  0  0  0  0  0  0  0  0  0  0  0  0  0  0   350
c-C3H2OH+   1  3  0  3  0  1  0  0  0  0  0  0  0  0  0  0  0  0  0  0  0  0  0   351
CH3CHOH+    1  5  0  2  0  1  0  0  0  0  0  0  0  0  0  0  0  0  0  0  0  0  0   352
C2H6+       1  6  0  2  0  0  0  0  0  0  0  0  0  0  0  0  0  0  0  0  0  0  0   353
C3H3NH+     1  4  0  3  1  0  0  0  0  0  0  0  0  0  0  0  0  0  0  0  0  0  0   354
C3H5+       1  5  0  3  0  0  0  0  0  0  0  0  0  0  0  0  0  0  0  0  0  0  0   355
C4H4+       1  4  0  4  0  0  0  0  0  0  0  0  0  0  0  0  0  0  0  0  0  0  0   356
HC5NH+      1  2  0  5  1  0  0  0  0  0  0  0  0  0  0  0  0  0  0  0  0  0  0   357
C5H3+       1  3  0  5  0  0  0  0  0  0  0  0  0  0  0  0  0  0  0  0  0  0  0   358
C6H2+       1  2  0  6  0  0  0  0  0  0  0  0  0  0  0  0  0  0  0  0  0  0  0   359
C7H+        1  1  0  7  0  0  0  0  0  0  0  0  0  0  0  0  0  0  0  0  0  0  0   360
C7N+        1  0  0  7  1  0  0  0  0  0  0  0  0  0  0  0  0  0  0  0  0  0  0   361
C8+         1  0  0  8  0  0  0  0  0  0  0  0  0  0  0  0  0  0  0  0  0  0  0   362
CH3NH3+     1  6  0  1  1  0  0  0  0  0  0  0  0  0  0  0  0  0  0  0  0  0  0   363
COOCH4+     1  4  0  2  0  2  0  0  0  0  0  0  0  0  0  0  0  0  0  0  0  0  0   364
H3C4N+      1  3  0  4  1  0  0  0  0  0  0  0  0  0  0  0  0  0  0  0  0  0  0   365
C7H-       -1  1  0  7  0  0  0  0  0  0  0  0  0  0  0  0  0  0  0  0  0  0  0   366
C8-        -1  0  0  8  0  0  0  0  0  0  0  0  0  0  0  0  0  0  0  0  0  0  0   367
C2H5N+      1  5  0  2  1  0  0  0  0  0  0  0  0  0  0  0  0  0  0  0  0  0  0   368
HC6N+       1  1  0  6  1  0  0  0  0  0  0  0  0  0  0  0  0  0  0  0  0  0  0   369
CH3NCOH+    1  4  0  2  1  1  0  0  0  0  0  0  0  0  0  0  0  0  0  0  0  0  0   370
C2H5OH+     1  6  0  2  0  1  0  0  0  0  0  0  0  0  0  0  0  0  0  0  0  0  0   371
H3C4NH+     1  4  0  4  1  0  0  0  0  0  0  0  0  0  0  0  0  0  0  0  0  0  0   372
C4H5+       1  5  0  4  0  0  0  0  0  0  0  0  0  0  0  0  0  0  0  0  0  0  0   373
C5H3N+      1  3  0  5  1  0  0  0  0  0  0  0  0  0  0  0  0  0  0  0  0  0  0   374
C5H4+       1  4  0  5  0  0  0  0  0  0  0  0  0  0  0  0  0  0  0  0  0  0  0   375
C6H3+       1  3  0  6  0  0  0  0  0  0  0  0  0  0  0  0  0  0  0  0  0  0  0   376
C7H2+       1  2  0  7  0  0  0  0  0  0  0  0  0  0  0  0  0  0  0  0  0  0  0   377
HC7N+       1  1  0  7  1  0  0  0  0  0  0  0  0  0  0  0  0  0  0  0  0  0  0   378
C8H+        1  1  0  8  0  0  0  0  0  0  0  0  0  0  0  0  0  0  0  0  0  0  0   379
C9+         1  0  0  9  0  0  0  0  0  0  0  0  0  0  0  0  0  0  0  0  0  0  0   380
CH3OCH3+    1  6  0  2  0  1  0  0  0  0  0  0  0  0  0  0  0  0  0  0  0  0  0   381
H5C2O2+     1  5  0  2  0  2  0  0  0  0  0  0  0  0  0  0  0  0  0  0  0  0  0   382
C8H-       -1  1  0  8  0  0  0  0  0  0  0  0  0  0  0  0  0  0  0  0  0  0  0   383
C9-        -1  0  0  9  0  0  0  0  0  0  0  0  0  0  0  0  0  0  0  0  0  0  0   384
C2H7+       1  7  0  2  0  0  0  0  0  0  0  0  0  0  0  0  0  0  0  0  0  0  0   385
C3H6+       1  6  0  3  0  0  0  0  0  0  0  0  0  0  0  0  0  0  0  0  0  0  0   386
C3H5N+      1  5  0  3  1  0  0  0  0  0  0  0  0  0  0  0  0  0  0  0  0  0  0   387
H2C6N+      1  2  0  6  1  0  0  0  0  0  0  0  0  0  0  0  0  0  0  0  0  0  0   388
C6N2H+      1  1  0  6  2  0  0  0  0  0  0  0  0  0  0  0  0  0  0  0  0  0  0   389
C8N+        1  0  0  8  1  0  0  0  0  0  0  0  0  0  0  0  0  0  0  0  0  0  0   390
HC7O+       1  1  0  7  0  1  0  0  0  0  0  0  0  0  0  0  0  0  0  0  0  0  0   391
C10+        1  0  0 10  0  0  0  0  0  0  0  0  0  0  0  0  0  0  0  0  0  0  0   392
C2H5OH2+    1  7  0  2  0  1  0  0  0  0  0  0  0  0  0  0  0  0  0  0  0  0  0   393
C2H6CO+     1  6  0  3  0  1  0  0  0  0  0  0  0  0  0  0  0  0  0  0  0  0  0   394
C5H4N+      1  4  0  5  1  0  0  0  0  0  0  0  0  0  0  0  0  0  0  0  0  0  0   395
C5H5+       1  5  0  5  0  0  0  0  0  0  0  0  0  0  0  0  0  0  0  0  0  0  0   396
C6H4+       1  4  0  6  0  0  0  0  0  0  0  0  0  0  0  0  0  0  0  0  0  0  0   397
C7H2N+      1  2  0  7  1  0  0  0  0  0  0  0  0  0  0  0  0  0  0  0  0  0  0   398
C7H3+       1  3  0  7  0  0  0  0  0  0  0  0  0  0  0  0  0  0  0  0  0  0  0   399
C8H2+       1  2  0  8  0  0  0  0  0  0  0  0  0  0  0  0  0  0  0  0  0  0  0   400
C9H+        1  1  0  9  0  0  0  0  0  0  0  0  0  0  0  0  0  0  0  0  0  0  0   401
C9N+        1  0  0  9  1  0  0  0  0  0  0  0  0  0  0  0  0  0  0  0  0  0  0   402
CH3OCH4+    1  7  0  2  0  1  0  0  0  0  0  0  0  0  0  0  0  0  0  0  0  0  0   403
C9H-       -1  1  0  9  0  0  0  0  0  0  0  0  0  0  0  0  0  0  0  0  0  0  0   404
C10-       -1  0  0 10  0  0  0  0  0  0  0  0  0  0  0  0  0  0  0  0  0  0  0   405
C3H7+       1  7  0  3  0  0  0  0  0  0  0  0  0  0  0  0  0  0  0  0  0  0  0   406
C4H6+       1  6  0  4  0  0  0  0  0  0  0  0  0  0  0  0  0  0  0  0  0  0  0   407
C3H5NH+     1  6  0  3  1  0  0  0  0  0  0  0  0  0  0  0  0  0  0  0  0  0  0   408
C4H5N+      1  5  0  4  1  0  0  0  0  0  0  0  0  0  0  0  0  0  0  0  0  0  0   409
HC8N+       1  1  0  8  1  0  0  0  0  0  0  0  0  0  0  0  0  0  0  0  0  0  0   410
C10H+       1  1  0 10  0  0  0  0  0  0  0  0  0  0  0  0  0  0  0  0  0  0  0   411
C3H6OH+     1  7  0  3  0  1  0  0  0  0  0  0  0  0  0  0  0  0  0  0  0  0  0   412
C4H7+       1  7  0  4  0  0  0  0  0  0  0  0  0  0  0  0  0  0  0  0  0  0  0   413
H3C6NH+     1  4  0  6  1  0  0  0  0  0  0  0  0  0  0  0  0  0  0  0  0  0  0   414
C6H5+       1  5  0  6  0  0  0  0  0  0  0  0  0  0  0  0  0  0  0  0  0  0  0   415
H3C7N+      1  3  0  7  1  0  0  0  0  0  0  0  0  0  0  0  0  0  0  0  0  0  0   416
C7H4+       1  4  0  7  0  0  0  0  0  0  0  0  0  0  0  0  0  0  0  0  0  0  0   417
C8H3+       1  3  0  8  0  0  0  0  0  0  0  0  0  0  0  0  0  0  0  0  0  0  0   418
C9H2+       1  2  0  9  0  0  0  0  0  0  0  0  0  0  0  0  0  0  0  0  0  0  0   419
C9HN+       1  1  0  9  1  0  0  0  0  0  0  0  0  0  0  0  0  0  0  0  0  0  0   420
C10H-      -1  1  0 10  0  0  0  0  0  0  0  0  0  0  0  0  0  0  0  0  0  0  0   421
C11+        1  0  0 11  0  0  0  0  0  0  0  0  0  0  0  0  0  0  0  0  0  0  0   422
C3H8+       1  8  0  3  0  0  0  0  0  0  0  0  0  0  0  0  0  0  0  0  0  0  0   423
C4H5NH+     1  6  0  4  1  0  0  0  0  0  0  0  0  0  0  0  0  0  0  0  0  0  0   424
C5H5N+      1  5  0  5  1  0  0  0  0  0  0  0  0  0  0  0  0  0  0  0  0  0  0   425
C10N+       1  0  0 10  1  0  0  0  0  0  0  0  0  0  0  0  0  0  0  0  0  0  0   426
HC9O+       1  1  0  9  0  1  0  0  0  0  0  0  0  0  0  0  0  0  0  0  0  0  0   427
H2C8N+      1  2  0  8  1  0  0  0  0  0  0  0  0  0  0  0  0  0  0  0  0  0  0   428
C10H2+      1  2  0 10  0  0  0  0  0  0  0  0  0  0  0  0  0  0  0  0  0  0  0   429
C7H5+       1  5  0  7  0  0  0  0  0  0  0  0  0  0  0  0  0  0  0  0  0  0  0   430
C8H4+       1  4  0  8  0  0  0  0  0  0  0  0  0  0  0  0  0  0  0  0  0  0  0   431
C9H2N+      1  2  0  9  1  0  0  0  0  0  0  0  0  0  0  0  0  0  0  0  0  0  0   432
C9H3+       1  3  0  9  0  0  0  0  0  0  0  0  0  0  0  0  0  0  0  0  0  0  0   433
C3H9+       1  9  0  3  0  0  0  0  0  0  0  0  0  0  0  0  0  0  0  0  0  0  0   434
C4H8+       1  8  0  4  0  0  0  0  0  0  0  0  0  0  0  0  0  0  0  0  0  0  0   435
C5H7+       1  7  0  5  0  0  0  0  0  0  0  0  0  0  0  0  0  0  0  0  0  0  0   436
HC10N+      1  1  0 10  1  0  0  0  0  0  0  0  0  0  0  0  0  0  0  0  0  0  0   437
C6H7+       1  7  0  6  0  0  0  0  0  0  0  0  0  0  0  0  0  0  0  0  0  0  0   438
C8H4N+      1  4  0  8  1  0  0  0  0  0  0  0  0  0  0  0  0  0  0  0  0  0  0   439
C8H5+       1  5  0  8  0  0  0  0  0  0  0  0  0  0  0  0  0  0  0  0  0  0  0   440
C9H3N+      1  3  0  9  1  0  0  0  0  0  0  0  0  0  0  0  0  0  0  0  0  0  0   441
C9H4+       1  4  0  9  0  0  0  0  0  0  0  0  0  0  0  0  0  0  0  0  0  0  0   442
C10H3+      1  3  0 10  0  0  0  0  0  0  0  0  0  0  0  0  0  0  0  0  0  0  0   443
C4H9+       1  9  0  4  0  0  0  0  0  0  0  0  0  0  0  0  0  0  0  0  0  0  0   444
H2C10N+     1  2  0 10  1  0  0  0  0  0  0  0  0  0  0  0  0  0  0  0  0  0  0   445
C9H5+       1  5  0  9  0  0  0  0  0  0  0  0  0  0  0  0  0  0  0  0  0  0  0   446
C5H9+       1  9  0  5  0  0  0  0  0  0  0  0  0  0  0  0  0  0  0  0  0  0  0   447
C7H7+       1  7  0  7  0  0  0  0  0  0  0  0  0  0  0  0  0  0  0  0  0  0  0   448
C8H6+       1  6  0  8  0  0  0  0  0  0  0  0  0  0  0  0  0  0  0  0  0  0  0   449
C6H7N+      1  7  0  6  1  0  0  0  0  0  0  0  0  0  0  0  0  0  0  0  0  0  0   450
C8H7+       1  7  0  8  0  0  0  0  0  0  0  0  0  0  0  0  0  0  0  0  0  0  0   451
C6H7NH+     1  8  0  6  1  0  0  0  0  0  0  0  0  0  0  0  0  0  0  0  0  0  0   452
C9H7+       1  7  0  9  0  0  0  0  0  0  0  0  0  0  0  0  0  0  0  0  0  0  0   453
C9H8+       1  8  0  9  0  0  0  0  0  0  0  0  0  0  0  0  0  0  0  0  0  0  0   454
C14H10+     1 10  0 14  0  0  0  0  0  0  0  0  0  0  0  0  0  0  0  0  0  0  0   455
C15H9+      1  9  0 15  0  0  0  0  0  0  0  0  0  0  0  0  0  0  0  0  0  0  0   456
